This file is generated by neofetch_stats.py. Do not edit it by hand.
Each line below is one repository, in this format:
  <sha256 of owner/name> <total commits> <my commits> <additions> <deletions>
The repository name is hashed so private repository names stay private, and
lines are sorted by hash so the daily commit only shows what actually moved.
A repository is only re-scanned when its total commit count changes, which
keeps the daily GraphQL bill small. Delete this file to force a full rebuild.
0383a5c99718d1844c6bd45b2edd5f45556a2785b09a73613a56d936cf163258 0 0 0 0
079c6f3f7bf39f715d974b650e1c36ae58ffdb5d87ca738e12c854218d2603c0 156 0 0 0
07bda4f9eaec93e5a246c36ed957420e2b862a905a6447e8983d7fea4b9cae98 0 0 0 0
07e6a4ec84ba32c63d7858efa56c8cfea4b083b495ee4a7c725626e82a149ffd 0 0 0 0
09f895cd0727e289020ec8a0b3492fdcbf330faa967b6ae383f2795b004f6e7e 0 0 0 0
0e25c8e898aaa2889ed9adcb602eff38a030489228b037b574edaf237003e577 32 0 0 0
0f2da3d856ea935f7b97bb9ecb46b51febea7d37b927db6e662bbb554b24f1c1 338 6 136 58
10de3f672eec786f69b06a71f255038bbc9cf09812ae5d22f4979320a9b47545 0 0 0 0
10f4b73b000b0cb048b5583dec0a252955defd42eefd96c63d28d6bb7404e0d9 0 0 0 0
11f965a6c8280d64385a6b8e8d2f41826e21012b916ae9cb0179a42f780d84c6 118 0 0 0
1856abd990c9157068f1a3d48aa054698848c39e6cdcbd86a5d00bd56039f33f 41 1 4 0
19ce958318fd4e11ea0c2b79a0afd775cc0b9cf4536fe6a7e3684d8b512c0b39 42 0 0 0
1af55d99c760779a91c2f35d3c8ef1127b870b694408ab179bdc5de10e817984 0 0 0 0
1fcafd525a69b6a9db57e37231fd4b6b06787b7b9b612c60642542262bf83275 6 0 0 0
2163ddc884bc497dc2da0863f93784b995d879b40f891b00cd1b87c87f349ec2 0 0 0 0
228f1852d40ff596d189c71407966746f61ab4dffd01147406eb81cc021a2374 0 0 0 0
2366f46293329221a0e03b3702b5ede2fd995c7a3a5399eb25765c745601d9c9 0 0 0 0
27225e795b6250112ca3e49bfc19379fdc899b5c3097ca271a054ae6b1ce680c 511 1 42 0
2ae47220ad9ecfaaf1551d02bae15204aa3b60a5f2513aab2384293f50193de0 0 0 0 0
2b2eea9d1529c177c3cb3eee19bc2e3d2457a1a2d45a97da883c92e3e110e7af 0 0 0 0
2c9df3bf201c69c8cb9ddb03748c70f54642af15757db49b726a4d7d27df1f8a 0 0 0 0
30334ea8ea2dd934b38246ba70efeb5258d465871e71597b47e88f530d71f309 0 0 0 0
31044eb4214667bd8dd078bb1e4b88df17147dfb31b2746e8631f0bda74b2794 0 0 0 0
32f4b48497cb11dde9bdcd2ef52c8fec1f91e5f23722689ec8733344549cd771 0 0 0 0
3637a6ed17e6ee06d6278393a629803bb11f6630b06109fd105aa357541d9db7 0 0 0 0
36a1789f2681798d87fd58ded61bdd33c2b63666c719c6bf43ffb2bcd6e848a5 66 0 0 0
373971ea28c9244dfe8a6cade24232ed86ba636865f72db212b6c93f7023dc5a 0 0 0 0
377f1e6a073fa87e3de86c96ec93582f9fb46016eb74dadd707890f7a6e8571e 617 0 0 0
37cd1af7fb263b539f3cab7ad01f3e20f00db98f5cbc02d488bf80559eba59e1 0 0 0 0
37fede761967b7450530aa9a6752ade3643ba3a297c13dfa21c734970c9a5c1f 21 0 0 0
396a9255dabee36f66de160deb365b8b5ff0212d474a755739cf60036a2f6aae 152 0 0 0
3a908939031a8d28a6d190cc11f8580bbcee34288caa7af4f1bc51ac2b9146ad 9 9 13881 815
3ed327d483240afdaa17597507e06eec1b9d3e3d3dd8c2ad309b1897a953ee61 140 0 0 0
42dc94914316dcb9f377a1af2c2b4f0ea4b15657b5d8baab2cd380f10659a07c 0 0 0 0
438892873fbc22d69befa6c438bfae0073c696f002b4d85c26b0d9251c059a41 115 3 38 19
43bed820cf9d34deecfb6332f53a2fc5ae905ea3651e0e73413169d3c0983439 133 1 6 0
440697c3610e8a679a97f90ee13513735db0573e0d596d2e774776ad7fda6cb6 1 0 0 0
448d0ab8215cc10a20931b407e7abbb6258df266d85d338cf1bce5b6e7507bf4 2275 102 1035 500
45a28ef243505b8a44e624023c8452deb5fa6fb4298c00ebb91c0139f0bb8d35 0 0 0 0
45a6cd96ddb43ed8fc4db15abdedb4d37eea32227dc10b4cea22eae3307efc19 13765 1 8 8
47d5fa74c04a4ba749c05c60fcc5a6d41f0c085d820bbd9665282e33f023b0c6 200 0 0 0
49b09b75c27d45cb34a7e30694bfc43baaf77b5a34e983f93ec42782d510663a 0 0 0 0
4c5b102bd67f14426ddc648c7d9523c03c45e6131a739238b1cef597292a5045 0 0 0 0
4ce7ae5cf2a174f553ded6ccc21f9e7b4569eff55aa8eb7c03f1961e08d58c55 0 0 0 0
4d0e8823178806ce6805103f319ba5a960e95507b14471b7edbddeeca3c24b7d 926 0 0 0
4e459b8b160cdcf1ce9c2a89ae85759b0e64248eb41fb5fff85c2356e6cbd74b 0 0 0 0
4ed3897f95d1c7c312d40358e653c773cedaf9b1a69f786ffcf212a3dc2ae2bb 65 0 0 0
54545838ca2fc8501806143211fc0cebfbb53e87e57021a71be84c5c1129d95c 0 0 0 0
57f971b8e075de6a997f35e9bc4aa951ba2ef970d6e7833c5d16da00a3e3ce5d 0 0 0 0
58d2bcf03925607be47b7fad72ba1c5c35e939242578345e400e09d1147cff5f 6 0 0 0
5be0635afacbd6f974c9201c9f564b707d71e2f5bb8c5a0f9cefbbd4875c3eb3 0 0 0 0
5c6249965922e07ff45255945cf95f5626b78fe789fd761888013a1b77febfbc 298 0 0 0
5f7bb8c47986695395efc99c29e576884af834134165c222669612002ba924df 0 0 0 0
630222d050924a0a53d8a78cde96c401c984306d47edae7738ae1b2cf8a80e1d 0 0 0 0
6489400f7061add815f0ef44b1b39a6406bac361b747f784bc7b2ecedf9b0a9c 0 0 0 0
67251911f3b8d000c96e2d838e1a913d6508c1ef45e3eae3c33514aab87f3cfd 0 0 0 0
68f2fd66749d54ef6291b7e625b68aa4ced3b2ec0da4eab2c34dc8a3a85359f7 0 0 0 0
6a8267c9f0615a4b93d76ffe7a27ab210ae2e1ac428b3baf28582256e28c8edc 0 0 0 0
6d1039d3e0087949e3f5ff7967b8f788e319c654501c6f68525b95b9d5cf723f 66 0 0 0
6d60b02da48efc93c53ee62c070fac178e57adc12f1dc26f0b174d7190352abc 0 0 0 0
71ffa03a8ae0c59bf94b18a771d897fcfd363170cd0a86a54d53018d89c92d0d 0 0 0 0
75f517aec09c28209f966ceab7d9e12925dc97feb4cdc06c5ab2ac3e5b182a29 0 0 0 0
76317095ce0a3bd8f38f2d38f4231da73b2bc7cf9f6cafa9053e0b04353efd81 0 0 0 0
77373e8dd174e2ea7dfd914d3cf9c1a0a1716e26221e88ff07acc07e3c285858 0 0 0 0
796f23d6593c1b30eaac697269c389930c35036047e63ff2e86d20a6c1a82927 0 0 0 0
7bb94979ba3de0067309b653ee2210101763d2038a1751514bc48dd0eefc6a92 2671 3 47 1
7c50bb2d5eff20c0c3b4c55d17c97c22922207af67196d853a03f149eded0624 0 0 0 0
7e9ccb4a5a2da0da1f57623c8b51cf321a4b589c1187a04c7cb5fb7e312036e1 0 0 0 0
804cb8df604a4ae6355aa56ea14d2a7cd7d46b28bd7d7a672aa403667e433d96 2 2 1287 0
80b44ba570a58a29ae210f6d74fb28f189b84dfe6f55975fa3c4d2d82a50d6fa 2633 0 0 0
83479e69749b17f96754a8c4b8e0583818cc1475a423dbe83a7251665200afbe 2 2 309 0
8368439f18155417a246dbb4cd6e6b1425535238750797558cac696f9d6aef1c 0 0 0 0
84332aae4ce11cf9f82b376dc78c987a70fc4d06aee33c8cff5b06eeedb0ac88 0 0 0 0
84afdf7a73c22e1007adc8f2fae138cb3b81b556e2e752998691953d8787c194 1 0 0 0
863a84b00446dfe7f6297dc3b8591ea8d7b928dcc1e0bc16382230661ccbab6d 537 2 11 1
877c1ce3a86cd2888ea44a5762a1b40e0f6fc1d6eeea2e4f771b9174fab10b90 12 12 188 19
8863e751acb8aa6e156823fe8c113d3d21f0f41d97350ccd82f9ebb0fcf93602 0 0 0 0
89242ad1321da4b8343244ca6e9a4203186027a0e5a7880830f23c150ee664d5 0 0 0 0
8a1b639efe2b149de483bbb20fc23951ae6799bd833e78f7e79b2a86b7d43dc8 5742 0 0 0
8ca82e1b80712f6de1d33c7e677fa8c6ee71fdc4cdeca8edd680548bdf3384da 1651 0 0 0
8f6b09ea190a1d668fc24e1d808983bffb625dcb6273732a298e2f3123de16a1 0 0 0 0
9064789d6dbb27f3084b91d5196b9bc12e06429ecfaf4ffb83c5cb4ebd52a0ab 0 0 0 0
91c39c34823c1b70816eb43013d4060b37e2a514e94afb13ccc912ff946d8d9c 0 0 0 0
921a5420bf9779b26a9c9556f66d282c444c6f5a13d236dfecec56e7a5cadf23 1 1 214 0
93a096cd063db66fb005f104b31bee356cdb32f877ccb7b1a9a4f3b2395df564 0 0 0 0
948879621b7ae81ce15d94cab870dca8be6c11f82f6754aa365a0b8b97eb6e86 0 0 0 0
967211ec9392684bf031bf42fd51f6fa4c137ed4a7b0b369851621c27f013fc4 5 0 0 0
9d15daf54e0e8591a94ca8d76695fbb10516a066cd6f4ca788cffb0093d7c2a1 3 0 0 0
9fd957e3910124e1f21d87fd5564eb22b2d83f38f98c6b7d38afa9505cce7005 20 18 1341774 89
a2609a345353cbcf7ddf8e073241ecc6d34d6898a53d20ccf4dbd8760156f347 0 0 0 0
a31f65e5918716c67d21fa533b4d073a5d844093a7268d5a7e94eea01aa25a54 0 0 0 0
a3557459a3403565c7df178098a4a3280560efee0bc5d12c0ecdd34c66e43e0f 0 0 0 0
a3cc5936ca1e027fdc7be4ef74cf7f5723b239ec3961a29b7a88adcc32bb4728 0 0 0 0
a4db0cd04971f91eb4c9466eec0b845e77052f3bc696681fd5cafebb1d2fef01 0 0 0 0
a5bfaab272e20456aecbf610c0eb995ec73c4cc05fb5c91fc3db02d5570dd6da 0 0 0 0
a909ad9ce3984f945db722e2d24e918c7decb8fa69557929f436ddfdd0029a76 0 0 0 0
aa4e6a54ac4a96c5c522b2689967a4b16addbe934c66414b0596e1ea8252d448 0 0 0 0
ab481200a1249de631b488b3c2fb4b338506458a74ff34a2a18c65b43e39f469 0 0 0 0
ac0bab6748a8bd1693e129655739c98fd27c1db934d61133685ea1136944b40d 1 0 0 0
ac4be77102c03d7419fadd4ae1982952e9acee51fb3f11c9ccb6ce4db448b9b9 1 1 1 0
aca5b040da266515d8713daa6837d28b9c9541f6ccce88a6c6b25c9647a63c26 0 0 0 0
af22894e7bd87aacd3eb39b1fc4b6843a46b24e3144913eb2c5793dad2f2bbdc 0 0 0 0
b1eafa8de23681f518c7641f80b0265be65bb0c28f0709c170851501c514b279 0 0 0 0
b22cf63abb91b750777c8740f33387dcb73a06f59f5d8f9255aee0fff5692cb5 0 0 0 0
b354bfe457fef28f917c6bc14db537af83d79b41da2bb71381bf774225345dad 21 0 0 0
b3b2565dc403663ee6065fe7f04c2664efebbed10670ee2e5fcbca4b4618b221 0 0 0 0
b4205eefc82e4ac1a4710fc4ee6ef8a9490cd4f3fb9b12cb7251aa5c9e2fa175 0 0 0 0
b47c7ffde87e75d9d53a14f96929cf88c972ca6549ff758eeddbdb66249e1c3f 0 0 0 0
b64ae8a0e14a65e24ce59d684e69d689cfd4fdf96a5d02c91eeb184c31aedc15 0 0 0 0
b776cd7cc290a7384e4d535a8c5bb127ea28b8e3f6c4fb4358d9a8f68fa115bf 10601 2 5 0
b7f5b067c07630e59117ee57afe11eb12888a04a9b85a311f0d868403575c3d6 0 0 0 0
bb090e2f12629e62849a24fbb6bc793c3ffaee3b1525721bbe877e389e55faec 0 0 0 0
bec6eb26e53798231792a16dd55c63c18444aa49ffec9f0a4dad77f335df6d5b 375 1 1 0
bed8cb5bd32da261081ce055f48c3bbcb921815cbebfec7bbe59177247ae6845 111 2 34 0
bf3c3b76718e12cb58b44ac615ecced4aa5fe3f07bbcb14cc865caa437cd2f33 0 0 0 0
c1d6df6f1784548284eb070280182205b83d4c9acf379c505e5cf7f55d88e188 0 0 0 0
c23a984acbd329f7f5e2bd6fdffbc3a29e874752cec1c0e48b153deb4f42047c 0 0 0 0
c2555bf840a97111beaba903e15dfdc7eebce7c13edfeef38571593a9d2fe03a 0 0 0 0
c3cbfd52d68999d372ac39d5388af2cb9fcd0b4abd7da7cf580eab28a370b8b2 0 0 0 0
c63e5e7f01f6e76d271c8cefbe9ccf5f12095409385587400fd7cff91099336d 0 0 0 0
c6db2be80308a6cfad02f0eef42864a604241076a21e4872fbfadd95f99eae11 1747 2 2 1
c7225ffeaaab79d9719932ab5ba5288ea9f2b613ff3ee1eb5486757c57a1c884 0 0 0 0
cc030ea91d02c15e1df975d572ef74824d59d5233fef6d77d46f65f404b96083 0 0 0 0
ce814feb39fa6a16f00e9c4ce621f93696726d2ebab60bf32c7aed72bc24e92a 0 0 0 0
d2667ed0836e5dd0b36546f095b191069a6855e8558e81ab3efa44f8f1ae94d9 0 0 0 0
d59324351cbf2bda156369833cfce87f1ffb95dd4330a3399a1c621abff46386 38 0 0 0
d9a8ddc5b796909a34b1f38873f29eb9b73552c43b3e0bb350793dc22047cedd 0 0 0 0
da5030a739f4b4062fdb3e21b0f52871923e43a2e3a99cb6a30db5bf0f6983e8 5 3 128 0
dc71b0e79e5c350f577569d315ad0d47f336ec09a25d35d738234356bf88b90f 22 0 0 0
e1356f1bc951b42368f5568d9b48ccdeb7d0d9aa1ccacd5628652dda46ed6ae5 0 0 0 0
e21549b8fa0692e86db721d96dad0d4855a9f623425714f3eaeb42f6cf71f698 0 0 0 0
e269832eba7f2596c5d76e3cb3ab0d4b8700131ac8d9cfa95b72deb7fc8ff263 0 0 0 0
e4133c38980860c2b33c534a7902fa4be0f35c76645613693d2b4f824c383d24 38 1 7 0
e6affe1602e148f280cb432ef60348311fb31fc85d486883807d226c3d935118 6414 0 0 0
e6d260f3083579f2139e87eced821dbefcda3eb155c765a2da8121955fa4414d 0 0 0 0
ec3e05cd3129e19b7a930e9e456436c4f0bb824313aff40f01616ca591cd64fd 0 0 0 0
edc25f3be358422de4b8ac96dbb9c993a5fe33fddba3df4c361e35c427df685f 0 0 0 0
f1b699f3969438a9e2460f4096cddd74a70fb34af3a9a88fa9b2e0f7631a8602 0 0 0 0
f414a70925a998db8a259f617904faaf0a430e29d00ac550a8afc792ea9c5d50 118 0 0 0
f43f2db15524061b1f2b6851ff9090fb319c91f9abb4c2c7150d40efcdfeb39e 7 0 0 0
f5eae43d9fd5bcd5a75bcac2e7e3464e23427fcf47e6bbecd3b2e53d0e5fe8c9 0 0 0 0
f70352bd35957de059bee60936d1f1b0a56f33d95fceb42df4450c5918d13c0a 0 0 0 0
f99f23c648d0376739b1dee5099093c95c6910f0623e13b567beee68a6236c92 0 0 0 0
fa73853d5a65d739a35636a9c0b7c903be4970f7d3672826ef80196425419264 4527 0 0 0
fadf0ea81d1f786c93b12c6ecc54484bddd2c7cdbc560288d1ae6e63bfc01ebb 0 0 0 0
fb187e42b9080508d57158acba832e4975129063a6d9545939397a80aa7c0282 0 0 0 0
fda681be961c27e8e83e2db792fb9aa2302d39a22128c9bea5c2b340cce0e5ca 149 0 0 0
